000111000000000000000000000000000000000111000000000000000000000000000000011010
100000000000000000000000000000000000000000000000000000000000000000000001000000
100000000001100000000000000111000000000000000000000000000000000000000001101100
101111011000000000000000000000000000001111011000000000000000001110000000000000
110110100011010000000000000000000000010110100000000010000000000000000000000001
100000001000001100000000101111011000000000000011100000000000000000000000000000
100000001101101100000000000000001000000000000000000000000001011110110000000001
000000000000000000000000001110000000000000000000000000000001101101110000000000
000000000000000000000000000000000000000000001101101001000100000000000000000110
000000000000000000000000000110100000000000100000011001000110110111000000000000
011000100000000000000001010000000000011000110110000100000000000000000000000000
000000000000000000011101011011000000100000000000000000000000000000000000000000
000000000000110000100000000000010000000000000000000000000000000000111000000000
010000000000001000000000000000000000011100000000000000000000000000000000000000
110001100000000000011100000000001100111110000000000000000000000000000000000000
100000000000000000011100000000011100100000000000000111000000011100000011001111
100000000000111010000000000000000000000000000011000000000000000000000110100000
101011110100110110000000000001100000000000000000000000000000000000010000000000
111101101100000001000000000000011110110010000000101111011000111101011011011111
010000000010110111000000000000001101110011111011110110111001011011000000011111
000000000000000000000000000000000000000000000000000000000000000000000000000000
000000000000000000000000000010111101100000000000000000000000000000000000000000
000000000000000000000000000011011011100000000000000000000000000000000000000000
000000000000000000000000000000000000000000000000000000000000000000000000000000
