001001000000000000000000000000011111100000000000001000000000011111010000000000
110000100000000000110000000000000000001000000000010010000000010000001000000000
110100000000000001001000000000100000000100000000100001000001100000000100000000
101010001000000010000100000000010000000010000001000000100010000000000010000000
100001000100000100000010000000001000000001000010000000010100000000001100000000
100000100000011000000001000000000100000000100100000000001000000000010110100000
110000010001000000000000100000100010000000011000000000010010000000100001100000
001000010000110000000000010000010001000000011000000000100001000001000000110000
000100100001010000000000001000001000000000100100000001000000101001000000011000
000011000010000000000000011111000100010001000010000010000000010111000000001000
000011100101000100000000000010000010110010000001000100000000111101000000001000
000100011010000010000001000001000001000100000000101000000001001100000000001110
001000001000000000000010000001100110100000000000010000000001000100000000010100
010001000100000000100100000011000100010000000000101000000010000010000000101100
100010000011000000001000000110000100101000000001000100000010000000000001000110
100000000000100000011000001110001000000100000010000010000010100000000010000011
100100001000000000100100010101101010000010000100000001000111000000010100000010
101000000100100001000000101000011100000000001000000000100010000000001000000010
100000000010000010000001010000001000000000110000000000010100000000010100000101
010000000101000100000010100000000000000000100000000000001000000000000010001001
001000001000001000000010010000100000000000000000000000010100000001000001010010
000100010000010000000100000001000000000000000000000000100010000000100001100010
000100100000000000001000000010000000000000000000000001100001000000010010000100
000101000000000000010000000000000000000000000000000001111111000000001100000000
