000000000000000000000000000000000000000000000000101010101111100000000000000000
100000000000000000000000000000000000000010101010000000000000000000000000000000
010000001100000011000000000000000000001000000000000000000000010000000000000000
001000000111011111100000000000000000000000000000000000000110000001000000000000
000011000001110000100001100110000000000000000000000000000011000000010000000000
000001100000000000100000110100000110000000010000000000000011000000000100000000
000010100010000000100000010000001011000001110000000100000000000000000000000000
000000000010000000110000000000000001100011000000001100000000000000100000000000
001000000011000000011110000000000000111010000000011000000000000000010000000000
000100000000100000000011100000000000001100000000010000000000000000011100000000
000010000000010000000000000001000000000000000000110000000000000000000100000000
000000000000110000000100000001100000000000000000000000000000000000001100000000
000000000000111000001100000000000000000000000000000000110010000000000000000010
000000000000000100000111000000000000000000100000000001010110000000000000000010
000000000000001111100000100000000000001111000000000000111100000000000000001110
000000000000001010001000100000000000001011000000000000001010000000000000001000
000000000000000101010000010000000000011000000000000000000010000000100001110000
000100100000000100000100001000000000000000000000000000000001000001010001110000
000011000000000000000000010100000000000000000000000000000001100010001001000000
000101000000000110000000000000000000000001000000000001000101000010000111000000
000000100000000011100000000000000000000010000000000000111100000001100011000000
000000000000000000111000000000000000000100000000100000000110000000100000000000
000000000000000000000000000000000000000000000000010000000000000001100000000000
000000000000000000000000000000000000000000000110100000000000000000000000000000