100000000000000000000000000000000000000000000000000001100011000110001010000011
010011000111001110000110100000001000000000000000100000000000000000000000110001
000000000010000100010001001001000100010000000011000000000000000000000000011000
100010001000000100100000000000000010101010101010111111100000000000001111000000
000011100010000100000001000000000000011000000000000000110000010000000000000000
000000100000000000010010000100000110101010100010000000000000000000010000000000
000000000000000100000000000000000100010000000000000000000100000010000000000000
100000010000000000000000001111000000000000000000000000010000001000010000000000
000000010000001000000001000000001110000000000000000000000000000000001000000000
000000000000000000000010000000000000000000000000000001000000100000001000000000
000000001000000000000010000000000011100000000001001000000000000000000010000000
010000000000000000000001000000000000000110000000000010000001000001000001000000
100000000011000000000001000000000000000000000000000000000001000001000000000001
000000000001000000000100000000000100000000000000000100000000000100000000100000
000000000000000000000000000000000000000010000000100000010000100000001000100001
000000000000100000001000000000001000000000000000000000000000010000000100000001
000000000000000000000000000000100000000000000001000000100010000000100000010010
000000000000010000010000000000000000000000000000000000000000000000100010000101
000000000000000000000000000001000000011111100001000000100000000010000010000001
000000000000001000100000000000000000000000000000000000100000000010000000000001
000000000000000001000000000001000000000000000001000000000000000100000010000000
000000000000000100000000000000000000000000000100000001000000001000000000000001
000000000000000010000000000010000000000000010000000000000000010000000010000001
000000000000000000000000000000000000000000000000000100000001000000001000000001
