001000000010110000000000000000000000000000000010000000000000100001110000000000
001000000000100000000000000000000000000000000100000000000000000000000000000000
001000000000100000000000000000000000000000001000000000000000000000101000101001
001100000000111100010000000001000000000000010000000000010000000000000001000001
000100000000000000100000000000100000000000100000000000000000000000001000001001
001100000000000000000000000000100000000001000000000000000000000000000000100001
000000000000011000111100000000000000000010000010000100000000000000100000100010
000000000000101101100100000000110000000100000000000000000100000000000000100100
001011000001000011000110000000000000001000000000000000000000100000100000001000
000000000001111011000010000000001000010000000000000000000100000000000100010000
000001000000000110000011000000001000100000000000000001000010000000000000110000
000001000000000010000000000000000001000000010000000000000001100000000001011000
000000110000000010000000000100000010000000001000000000000001000000001000000000
001000000000000000000000001000000100000100000100000000000011000000000100010000
001000001000000100000000010000001000001000000010000000111100000000001000000010
001100001000000110000000010000010000010010000001100000100000010000000000000000
000000001000000011100000100000100000100010000000100000100000000000000100000000
000100001000000000100000100001000001000100000000100000100000000000000000000100
000100000111000000100001000010000001001000000000000000100011110001000000000000
000010000001000011100000000100000010010000000000000110100100010000000000100000
000001000001000010000000001000000010100000000010000010000000001000000000000000
000000100011000011000000010000000011000000110000000000010100000100000000000010
000000000000000001000000100000000010000000001110000001110000000010100000000000
000000000000000000000001000000000000000000000000001111000000000000000000000000
