000000000000000000000000000000000000000000000000000000000000000000000000000000
000000000000000000000000000000000000000000000000000000000000000000000000000000
000000000000000000000000000000000000000000000000000000000000000000000000000000
000000000000000000000000000000000000000000000000000000000000000000000000000000
000000000000100010111011100010111000111101001011101110000000000000000000000000
000000000000100010100010000010100000100101001010001010000000000000000000000000
000000000000100010111011100010111000100101001011101110000000000000000000000000
000000000000100010100010000010001000100101001010001100000000000000000000000000
000000000000111010100011100010111000111100110011101010010101000000000000000000
000000000000000000000000000000000000000000000000000000000000000000000000000000
010111010111000000101001011101110000100001111001001000101110001000100100100010
010010010100000000101001010000100001010001000010101101101000001101101010110010
010010000111000000101001011100100001110001011011101010101110001010101110101010
010010000001000100101001000100100001010001001010101000101000001000101010100110
010010000111000011000110011100100001010001111010101000101110101000101010100010
000000000000000000000000000000000000000000000000000000000000100000000000000000
000000000000000000000000000000000000000000000000000000000000000000000000000000
000000000000000000000000000000000000000000000000000000000000000000000000000000
000000000000000000000000000000000000000000000000000000000000000000000000000000
000000000000000000000000000000000000000000000000000000000000000000000000000000
000000000000000000000000000000000000000000000000000000000000000000000000000000
000000000000000000000000000000000000000000000000000000000000000000000000000000
000000000000000000000000000000000000000000000000000000000000000000000000000000
000000000000000000000000000000000000000000000000000000000000000000000000000000
