000000000000000000000000000000000000000000000000000000000000000000000000000000
000000000000000000000000000000000000000000000000000000000000000000000000000000
000000000000000000000000000000000000000000000000000000000000000000000000000000
000000111001000001001001001110010001011111000011100100000101000101111100000000
000001000101000001001001010001010001010000000100010100000101000101000000000000
000001000101000001001001010001010001010000000100010100000101000101000000000000
000001111101000001001001011111001110011111000111110100000101101101111100000000
000001000101000001001001010001000100000001000100010100000100101001000000000000
000001000101000100101010010001000100000001000100010100010100010001000000000000
000001000101111100011100010001000100011111000100010111110100010001111100000000
000000000000000000000000000000000000000000000000000000000000000000000000000000
000000000000000000000000000000000000000000000000000000000000000000000000000000
000000001000100111001000001011111010111110111110000100000000000000000000100000
000000001000101000101100011010001010100010100010000011111111111111111111000000
000000001000101000101010101010001010100010100010000000111111011011111100000000
000000001101101111101001001010001010100010100010000000011100000000111000000000
000000000101001000101000001011111010111110100010000000011100000000111000000000
000000000010001000101000001010000010101000100010000000011100000000111000000000
000000000010001000101000001010000010100100111110000000001000000000010000000000
000000000000000000000000000000000000000000000000000000001000000000010000000000
000000000000000000000000000000000000000000000000000000001000000000010000000000
000000000000000000000000000000000000000000000000000000000000000000000000000000
000000000000000000000000000000000000000000000000000000000000000000000000000000
000000000000000000000000000000000000000000000000000000000000000000000000000000
